{
 "cells": [
  {
   "cell_type": "code",
   "execution_count": 2,
   "id": "f6a2bc43",
   "metadata": {},
   "outputs": [],
   "source": [
    "import numpy as np\n",
    "import pandas as pd\n",
    "import sklearn.datasets as datasets\n",
    "from sklearn.model_selection import train_test_split, TimeSeriesSplit, KFold\n",
    "from sklearn import linear_model\n",
    "from sklearn.metrics import f1_score, accuracy_score\n",
    "from joblib import dump, load\n",
    "from functools import reduce\n",
    "from collections import defaultdict\n",
    "from sklearn.preprocessing import LabelEncoder\n",
    "from sklearn.ensemble import RandomForestClassifier\n",
    "from lightgbm import LGBMClassifier"
   ]
  },
  {
   "cell_type": "code",
   "execution_count": 3,
   "id": "bfc63ce3",
   "metadata": {},
   "outputs": [],
   "source": [
    "WINDOW_SIZE = 5\n",
    "VAL_SIZE = 0.2"
   ]
  },
  {
   "cell_type": "code",
   "execution_count": 9,
   "id": "0f370861",
   "metadata": {},
   "outputs": [],
   "source": [
    "#add standing\n",
    "data_2016_2017 = pd.read_csv('https://query.data.world/s/r5gdp7ga24tokmbwgk2fi7mekndsze')\n",
    "data_2017_2018 = pd.read_csv('https://query.data.world/s/r3n4zit4rb4tqs4lnabptudresgnyr').drop(columns = ['Div'])\n",
    "data_2018_2019 = pd.read_csv('https://query.data.world/s/2wp65h24cyeljfcp4dnvsml46dwsla').drop(columns = ['Div'])\n",
    "\n",
    "data_more = pd.concat([pd.read_csv(f'../../data/{path}', sep = ',') for path in ['2016-2017.txt', '2017-2018.txt', '2018-2019.txt']])\n",
    "data_more['Date'] = pd.to_datetime(data_more['Date'])\n",
    "data_more = data_more.sort_values('Date')\n",
    "\n",
    "data = pd.concat([data_2016_2017, data_2017_2018, data_2018_2019])\n",
    "data['Date'] = pd.to_datetime(data['Date'])\n",
    "data = data.sort_values('Date')\n",
    "data = data.merge(data_more[[\n",
    "    'Date', 'HomeTeam', 'AwayTeam', 'B365H', 'B365D', 'B365A']])\n",
    "data['Bet_pred'] = data[['B365A', 'B365D', 'B365H']].apply(lambda x: np.argmin(x.values), axis = 1)\n",
    "data.index = range(len(data))"
   ]
  },
  {
   "cell_type": "code",
   "execution_count": 10,
   "id": "c14a37f8",
   "metadata": {
    "collapsed": true
   },
   "outputs": [
    {
     "data": {
      "text/html": [
       "<div>\n",
       "<style scoped>\n",
       "    .dataframe tbody tr th:only-of-type {\n",
       "        vertical-align: middle;\n",
       "    }\n",
       "\n",
       "    .dataframe tbody tr th {\n",
       "        vertical-align: top;\n",
       "    }\n",
       "\n",
       "    .dataframe thead th {\n",
       "        text-align: right;\n",
       "    }\n",
       "</style>\n",
       "<table border=\"1\" class=\"dataframe\">\n",
       "  <thead>\n",
       "    <tr style=\"text-align: right;\">\n",
       "      <th></th>\n",
       "      <th>Date</th>\n",
       "      <th>HomeTeam</th>\n",
       "      <th>AwayTeam</th>\n",
       "      <th>FTHG</th>\n",
       "      <th>FTAG</th>\n",
       "      <th>FTR</th>\n",
       "      <th>HTHG</th>\n",
       "      <th>HTAG</th>\n",
       "      <th>HTR</th>\n",
       "      <th>Referee</th>\n",
       "      <th>...</th>\n",
       "      <th>HC</th>\n",
       "      <th>AC</th>\n",
       "      <th>HY</th>\n",
       "      <th>AY</th>\n",
       "      <th>HR</th>\n",
       "      <th>AR</th>\n",
       "      <th>B365H</th>\n",
       "      <th>B365D</th>\n",
       "      <th>B365A</th>\n",
       "      <th>Bet_pred</th>\n",
       "    </tr>\n",
       "  </thead>\n",
       "  <tbody>\n",
       "    <tr>\n",
       "      <th>0</th>\n",
       "      <td>2016-01-10</td>\n",
       "      <td>Hull</td>\n",
       "      <td>Chelsea</td>\n",
       "      <td>0</td>\n",
       "      <td>2</td>\n",
       "      <td>A</td>\n",
       "      <td>0</td>\n",
       "      <td>0</td>\n",
       "      <td>D</td>\n",
       "      <td>A Taylor</td>\n",
       "      <td>...</td>\n",
       "      <td>5</td>\n",
       "      <td>7</td>\n",
       "      <td>2</td>\n",
       "      <td>2</td>\n",
       "      <td>0</td>\n",
       "      <td>0</td>\n",
       "      <td>7.50</td>\n",
       "      <td>4.50</td>\n",
       "      <td>1.50</td>\n",
       "      <td>0</td>\n",
       "    </tr>\n",
       "    <tr>\n",
       "      <th>1</th>\n",
       "      <td>2016-01-10</td>\n",
       "      <td>Swansea</td>\n",
       "      <td>Liverpool</td>\n",
       "      <td>1</td>\n",
       "      <td>2</td>\n",
       "      <td>A</td>\n",
       "      <td>1</td>\n",
       "      <td>0</td>\n",
       "      <td>H</td>\n",
       "      <td>M Oliver</td>\n",
       "      <td>...</td>\n",
       "      <td>3</td>\n",
       "      <td>10</td>\n",
       "      <td>2</td>\n",
       "      <td>2</td>\n",
       "      <td>0</td>\n",
       "      <td>0</td>\n",
       "      <td>8.00</td>\n",
       "      <td>4.75</td>\n",
       "      <td>1.45</td>\n",
       "      <td>0</td>\n",
       "    </tr>\n",
       "    <tr>\n",
       "      <th>2</th>\n",
       "      <td>2016-01-10</td>\n",
       "      <td>Watford</td>\n",
       "      <td>Bournemouth</td>\n",
       "      <td>2</td>\n",
       "      <td>2</td>\n",
       "      <td>D</td>\n",
       "      <td>0</td>\n",
       "      <td>1</td>\n",
       "      <td>A</td>\n",
       "      <td>M Dean</td>\n",
       "      <td>...</td>\n",
       "      <td>4</td>\n",
       "      <td>5</td>\n",
       "      <td>3</td>\n",
       "      <td>4</td>\n",
       "      <td>0</td>\n",
       "      <td>0</td>\n",
       "      <td>2.38</td>\n",
       "      <td>3.30</td>\n",
       "      <td>3.30</td>\n",
       "      <td>2</td>\n",
       "    </tr>\n",
       "    <tr>\n",
       "      <th>3</th>\n",
       "      <td>2016-01-10</td>\n",
       "      <td>West Ham</td>\n",
       "      <td>Middlesbrough</td>\n",
       "      <td>1</td>\n",
       "      <td>1</td>\n",
       "      <td>D</td>\n",
       "      <td>0</td>\n",
       "      <td>0</td>\n",
       "      <td>D</td>\n",
       "      <td>N Swarbrick</td>\n",
       "      <td>...</td>\n",
       "      <td>4</td>\n",
       "      <td>5</td>\n",
       "      <td>2</td>\n",
       "      <td>3</td>\n",
       "      <td>0</td>\n",
       "      <td>0</td>\n",
       "      <td>2.25</td>\n",
       "      <td>3.40</td>\n",
       "      <td>3.50</td>\n",
       "      <td>2</td>\n",
       "    </tr>\n",
       "    <tr>\n",
       "      <th>4</th>\n",
       "      <td>2016-01-10</td>\n",
       "      <td>Sunderland</td>\n",
       "      <td>West Brom</td>\n",
       "      <td>1</td>\n",
       "      <td>1</td>\n",
       "      <td>D</td>\n",
       "      <td>0</td>\n",
       "      <td>1</td>\n",
       "      <td>A</td>\n",
       "      <td>S Attwell</td>\n",
       "      <td>...</td>\n",
       "      <td>6</td>\n",
       "      <td>5</td>\n",
       "      <td>1</td>\n",
       "      <td>3</td>\n",
       "      <td>0</td>\n",
       "      <td>0</td>\n",
       "      <td>2.50</td>\n",
       "      <td>3.25</td>\n",
       "      <td>3.20</td>\n",
       "      <td>2</td>\n",
       "    </tr>\n",
       "    <tr>\n",
       "      <th>...</th>\n",
       "      <td>...</td>\n",
       "      <td>...</td>\n",
       "      <td>...</td>\n",
       "      <td>...</td>\n",
       "      <td>...</td>\n",
       "      <td>...</td>\n",
       "      <td>...</td>\n",
       "      <td>...</td>\n",
       "      <td>...</td>\n",
       "      <td>...</td>\n",
       "      <td>...</td>\n",
       "      <td>...</td>\n",
       "      <td>...</td>\n",
       "      <td>...</td>\n",
       "      <td>...</td>\n",
       "      <td>...</td>\n",
       "      <td>...</td>\n",
       "      <td>...</td>\n",
       "      <td>...</td>\n",
       "      <td>...</td>\n",
       "      <td>...</td>\n",
       "    </tr>\n",
       "    <tr>\n",
       "      <th>1135</th>\n",
       "      <td>2019-12-05</td>\n",
       "      <td>Liverpool</td>\n",
       "      <td>Wolves</td>\n",
       "      <td>2</td>\n",
       "      <td>0</td>\n",
       "      <td>H</td>\n",
       "      <td>1</td>\n",
       "      <td>0</td>\n",
       "      <td>H</td>\n",
       "      <td>M Atkinson</td>\n",
       "      <td>...</td>\n",
       "      <td>4</td>\n",
       "      <td>1</td>\n",
       "      <td>0</td>\n",
       "      <td>2</td>\n",
       "      <td>0</td>\n",
       "      <td>0</td>\n",
       "      <td>1.30</td>\n",
       "      <td>6.00</td>\n",
       "      <td>11.00</td>\n",
       "      <td>2</td>\n",
       "    </tr>\n",
       "    <tr>\n",
       "      <th>1136</th>\n",
       "      <td>2019-12-05</td>\n",
       "      <td>Man United</td>\n",
       "      <td>Cardiff</td>\n",
       "      <td>0</td>\n",
       "      <td>2</td>\n",
       "      <td>A</td>\n",
       "      <td>0</td>\n",
       "      <td>1</td>\n",
       "      <td>A</td>\n",
       "      <td>J Moss</td>\n",
       "      <td>...</td>\n",
       "      <td>11</td>\n",
       "      <td>2</td>\n",
       "      <td>3</td>\n",
       "      <td>3</td>\n",
       "      <td>0</td>\n",
       "      <td>0</td>\n",
       "      <td>1.28</td>\n",
       "      <td>6.50</td>\n",
       "      <td>11.00</td>\n",
       "      <td>2</td>\n",
       "    </tr>\n",
       "    <tr>\n",
       "      <th>1137</th>\n",
       "      <td>2019-12-05</td>\n",
       "      <td>Southampton</td>\n",
       "      <td>Huddersfield</td>\n",
       "      <td>1</td>\n",
       "      <td>1</td>\n",
       "      <td>D</td>\n",
       "      <td>1</td>\n",
       "      <td>0</td>\n",
       "      <td>H</td>\n",
       "      <td>L Probert</td>\n",
       "      <td>...</td>\n",
       "      <td>4</td>\n",
       "      <td>3</td>\n",
       "      <td>0</td>\n",
       "      <td>1</td>\n",
       "      <td>0</td>\n",
       "      <td>0</td>\n",
       "      <td>1.44</td>\n",
       "      <td>4.75</td>\n",
       "      <td>8.50</td>\n",
       "      <td>2</td>\n",
       "    </tr>\n",
       "    <tr>\n",
       "      <th>1138</th>\n",
       "      <td>2019-12-05</td>\n",
       "      <td>Tottenham</td>\n",
       "      <td>Everton</td>\n",
       "      <td>2</td>\n",
       "      <td>2</td>\n",
       "      <td>D</td>\n",
       "      <td>1</td>\n",
       "      <td>0</td>\n",
       "      <td>H</td>\n",
       "      <td>A Marriner</td>\n",
       "      <td>...</td>\n",
       "      <td>7</td>\n",
       "      <td>4</td>\n",
       "      <td>0</td>\n",
       "      <td>2</td>\n",
       "      <td>0</td>\n",
       "      <td>0</td>\n",
       "      <td>2.20</td>\n",
       "      <td>3.50</td>\n",
       "      <td>3.50</td>\n",
       "      <td>2</td>\n",
       "    </tr>\n",
       "    <tr>\n",
       "      <th>1139</th>\n",
       "      <td>2019-12-05</td>\n",
       "      <td>Watford</td>\n",
       "      <td>West Ham</td>\n",
       "      <td>1</td>\n",
       "      <td>4</td>\n",
       "      <td>A</td>\n",
       "      <td>0</td>\n",
       "      <td>2</td>\n",
       "      <td>A</td>\n",
       "      <td>C Kavanagh</td>\n",
       "      <td>...</td>\n",
       "      <td>7</td>\n",
       "      <td>2</td>\n",
       "      <td>1</td>\n",
       "      <td>0</td>\n",
       "      <td>1</td>\n",
       "      <td>0</td>\n",
       "      <td>2.25</td>\n",
       "      <td>3.75</td>\n",
       "      <td>3.20</td>\n",
       "      <td>2</td>\n",
       "    </tr>\n",
       "  </tbody>\n",
       "</table>\n",
       "<p>1140 rows × 26 columns</p>\n",
       "</div>"
      ],
      "text/plain": [
       "           Date     HomeTeam       AwayTeam  FTHG  FTAG FTR  HTHG  HTAG HTR  \\\n",
       "0    2016-01-10         Hull        Chelsea     0     2   A     0     0   D   \n",
       "1    2016-01-10      Swansea      Liverpool     1     2   A     1     0   H   \n",
       "2    2016-01-10      Watford    Bournemouth     2     2   D     0     1   A   \n",
       "3    2016-01-10     West Ham  Middlesbrough     1     1   D     0     0   D   \n",
       "4    2016-01-10   Sunderland      West Brom     1     1   D     0     1   A   \n",
       "...         ...          ...            ...   ...   ...  ..   ...   ...  ..   \n",
       "1135 2019-12-05    Liverpool         Wolves     2     0   H     1     0   H   \n",
       "1136 2019-12-05   Man United        Cardiff     0     2   A     0     1   A   \n",
       "1137 2019-12-05  Southampton   Huddersfield     1     1   D     1     0   H   \n",
       "1138 2019-12-05    Tottenham        Everton     2     2   D     1     0   H   \n",
       "1139 2019-12-05      Watford       West Ham     1     4   A     0     2   A   \n",
       "\n",
       "          Referee  ...  HC  AC  HY  AY  HR  AR  B365H  B365D  B365A  Bet_pred  \n",
       "0        A Taylor  ...   5   7   2   2   0   0   7.50   4.50   1.50         0  \n",
       "1        M Oliver  ...   3  10   2   2   0   0   8.00   4.75   1.45         0  \n",
       "2          M Dean  ...   4   5   3   4   0   0   2.38   3.30   3.30         2  \n",
       "3     N Swarbrick  ...   4   5   2   3   0   0   2.25   3.40   3.50         2  \n",
       "4       S Attwell  ...   6   5   1   3   0   0   2.50   3.25   3.20         2  \n",
       "...           ...  ...  ..  ..  ..  ..  ..  ..    ...    ...    ...       ...  \n",
       "1135   M Atkinson  ...   4   1   0   2   0   0   1.30   6.00  11.00         2  \n",
       "1136       J Moss  ...  11   2   3   3   0   0   1.28   6.50  11.00         2  \n",
       "1137    L Probert  ...   4   3   0   1   0   0   1.44   4.75   8.50         2  \n",
       "1138   A Marriner  ...   7   4   0   2   0   0   2.20   3.50   3.50         2  \n",
       "1139   C Kavanagh  ...   7   2   1   0   1   0   2.25   3.75   3.20         2  \n",
       "\n",
       "[1140 rows x 26 columns]"
      ]
     },
     "execution_count": 10,
     "metadata": {},
     "output_type": "execute_result"
    }
   ],
   "source": [
    "data"
   ]
  },
  {
   "cell_type": "markdown",
   "id": "0b84c4d2",
   "metadata": {},
   "source": [
    "fthg - Full Time Home goals\n",
    "\n",
    "ftag - Full Time Away goals\n",
    "\n",
    "ftr - Full Time result (Away, Home, Draw)\n",
    "\n",
    "hthg - Halftime Home goals\n",
    "\n",
    "htag - Halftime Away goals\n",
    "\n",
    "htr - Halftime result (Away, Home, Draw)\n",
    "\n",
    "referee - The jabroni in charge\n",
    "\n",
    "hs - Home Shots\n",
    "\n",
    "as - Away Shots\n",
    "\n",
    "hst - Home Shots on target\n",
    "\n",
    "ast - Away Shots on target\n",
    "\n",
    "hf - Home Fouls\n",
    "\n",
    "af - Away Fouls\n",
    "\n",
    "hc - Home Corners\n",
    "\n",
    "ac - Away Corners\n",
    "\n",
    "hy - Home Yellow cards\n",
    "\n",
    "ay - Away Yellow cards\n",
    "\n",
    "hr - Home Red cards\n",
    "\n",
    "ar - Away Red cards"
   ]
  },
  {
   "cell_type": "code",
   "execution_count": 11,
   "id": "38c22269",
   "metadata": {},
   "outputs": [],
   "source": [
    "def prepare_dataset(df, window_size = WINDOW_SIZE):\n",
    "    def get_stats(row, home = True):\n",
    "        team_loc = 'HomeTeam' if home else 'AwayTeam'\n",
    "        \n",
    "        res_arr = np.empty((len(columns), window_size), dtype = 'object')\n",
    "        res_arr[:] = np.nan\n",
    "        \n",
    "        res = (\n",
    "            df[\n",
    "                (df['Date'] < row['Date'])\n",
    "                 & (df[team_loc] == row[team_loc])\n",
    "            ]\n",
    "            .iloc[-window_size:]\n",
    "            [columns]\n",
    "            .values\n",
    "            .transpose()\n",
    "        )\n",
    "        \n",
    "        if res.shape[1]:\n",
    "            res_arr[:, :res.shape[1]] = res\n",
    "        return res_arr.ravel()\n",
    "    \n",
    "    columns = [\n",
    "            'FTR', 'FTHG', 'FTAG', 'HS', 'AS', 'HF',\n",
    "            'AF', 'HC', 'AC', 'HY', 'AY', 'HR', 'AR'\n",
    "        ]\n",
    "    new_columns = list(reduce(lambda x, y: x+y, \n",
    "                         [[f'{col}_{i}' for i in range(window_size, 0, -1)] for col in columns]))\n",
    "    new_columns_home = list(map(lambda x: x+'_home', new_columns))\n",
    "    new_columns_away = list(map(lambda x: x+'_away', new_columns))\n",
    "            \n",
    "    df[new_columns_home] = np.vstack(df.apply(get_stats, axis = 1, home = True).values)\n",
    "    df[new_columns_away] = np.vstack(df.apply(get_stats, axis = 1, home = False).values)\n",
    "    \n",
    "    df = df.drop(columns = [\n",
    "        'Date', 'FTHG', 'FTAG', 'HS', 'AS', 'HF',\n",
    "        'AF', 'HC', 'AC', 'HY', 'AY', 'HR', 'AR',\n",
    "        'HTHG', 'HTAG', 'HTR', 'HST', 'AST'\n",
    "    ])\n",
    "    df = df.dropna()\n",
    "    return df"
   ]
  },
  {
   "cell_type": "code",
   "execution_count": 12,
   "id": "8950bcd0",
   "metadata": {},
   "outputs": [],
   "source": [
    "enc_dict = defaultdict(LabelEncoder)"
   ]
  },
  {
   "cell_type": "code",
   "execution_count": 13,
   "id": "dc952d9f",
   "metadata": {},
   "outputs": [],
   "source": [
    "df = prepare_dataset(data)\n",
    "\n",
    "df['HomeTeam'] = enc_dict['team'].fit_transform(df['HomeTeam'])\n",
    "df['AwayTeam'] = enc_dict['team'].transform(df['AwayTeam'])\n",
    "df['Referee'] = enc_dict['Referee'].fit_transform(df['Referee'])\n",
    "df['FTR'] = enc_dict['FTR'].fit_transform(df['FTR'])\n",
    "df[[f'FTR_{i}_home' for i in range(WINDOW_SIZE, 0, -1)]] = (\n",
    "    df[[f'FTR_{i}_home' for i in range(WINDOW_SIZE, 0, -1)]]\n",
    "    .apply(lambda x: enc_dict['FTR'].transform(x))\n",
    ")\n",
    "df[[f'FTR_{i}_away' for i in range(WINDOW_SIZE, 0, -1)]] = (\n",
    "    df[[f'FTR_{i}_away' for i in range(WINDOW_SIZE, 0, -1)]]\n",
    "    .apply(lambda x: enc_dict['FTR'].transform(x))\n",
    ")"
   ]
  },
  {
   "cell_type": "code",
   "execution_count": 988,
   "id": "e210b00b",
   "metadata": {},
   "outputs": [],
   "source": [
    "# train = df.iloc[:-int(df.shape[0]*VAL_SIZE)]\n",
    "# val = df.iloc[-int(df.shape[0]*VAL_SIZE):]\n",
    "\n",
    "# X_train, X_val = train.drop(columns = ['FTR']), val.drop(columns = ['FTR'])\n",
    "# y_train, y_val = train['FTR'], val['FTR']"
   ]
  },
  {
   "cell_type": "code",
   "execution_count": 14,
   "id": "141262b6",
   "metadata": {},
   "outputs": [],
   "source": [
    "skf = KFold(5)\n",
    "df.index = range(len(df))\n",
    "X = df.drop(columns = ['FTR'])\n",
    "y = df['FTR']\n",
    "scores = []\n",
    "bet_scores = []\n",
    "\n",
    "for train_indx, val_indx in skf.split(X, y):\n",
    "    X_train, y_train = X.iloc[train_indx], y.iloc[train_indx]\n",
    "    X_val, y_val = X.iloc[val_indx], y.iloc[val_indx]\n",
    "    \n",
    "    forest = RandomForestClassifier(n_estimators=300, max_depth=4, random_state=42)\n",
    "    forest.fit(X_train, y_train)\n",
    "    scores.append(accuracy_score(forest.predict(X_val), y_val))\n",
    "    bet_scores.append(accuracy_score(X_val['Bet_pred'], y_val))"
   ]
  },
  {
   "cell_type": "code",
   "execution_count": 16,
   "id": "740750b7",
   "metadata": {},
   "outputs": [
    {
     "data": {
      "text/plain": [
       "array([[0.17226259, 0.26488612, 0.5628513 ],\n",
       "       [0.44966644, 0.21203272, 0.33830084],\n",
       "       [0.52367051, 0.21653172, 0.25979777],\n",
       "       [0.44677962, 0.25241872, 0.30080166],\n",
       "       [0.22298598, 0.25109023, 0.52592378],\n",
       "       [0.41113009, 0.24894943, 0.33992048],\n",
       "       [0.22523843, 0.23521475, 0.53954682],\n",
       "       [0.16416151, 0.22122516, 0.61461332],\n",
       "       [0.14379264, 0.18319611, 0.67301125],\n",
       "       [0.20797406, 0.25195351, 0.54007243],\n",
       "       [0.20323106, 0.21308493, 0.583684  ],\n",
       "       [0.59830028, 0.18776447, 0.21393525],\n",
       "       [0.41219745, 0.24395361, 0.34384894],\n",
       "       [0.54709564, 0.19483888, 0.25806548],\n",
       "       [0.21780944, 0.22173878, 0.56045177],\n",
       "       [0.22894762, 0.26170353, 0.50934885],\n",
       "       [0.50301003, 0.2002171 , 0.29677288],\n",
       "       [0.17551044, 0.22371823, 0.60077133],\n",
       "       [0.1492587 , 0.18668268, 0.66405862],\n",
       "       [0.21337566, 0.23724112, 0.54938322],\n",
       "       [0.23010822, 0.2457939 , 0.52409788],\n",
       "       [0.14175723, 0.2231151 , 0.63512767],\n",
       "       [0.2519925 , 0.25017632, 0.49783118],\n",
       "       [0.21647262, 0.24375023, 0.53977715],\n",
       "       [0.15239114, 0.20258214, 0.64502672],\n",
       "       [0.10393093, 0.16739883, 0.72867024],\n",
       "       [0.23454937, 0.25901975, 0.50643088],\n",
       "       [0.46987868, 0.23766172, 0.2924596 ],\n",
       "       [0.32469519, 0.2554812 , 0.41982361],\n",
       "       [0.1811801 , 0.24313903, 0.57568087],\n",
       "       [0.54523813, 0.19866821, 0.25609366],\n",
       "       [0.56027326, 0.18523863, 0.25448811],\n",
       "       [0.13433663, 0.1819055 , 0.68375786],\n",
       "       [0.20979768, 0.2581585 , 0.53204383],\n",
       "       [0.40906259, 0.26012137, 0.33081604],\n",
       "       [0.12836361, 0.19710347, 0.67453292],\n",
       "       [0.59365129, 0.17759701, 0.2287517 ],\n",
       "       [0.22565265, 0.24931166, 0.52503569],\n",
       "       [0.54276505, 0.18776423, 0.26947071],\n",
       "       [0.12816757, 0.17636994, 0.69546249],\n",
       "       [0.21330751, 0.25242967, 0.53426282],\n",
       "       [0.22056345, 0.22742533, 0.55201122],\n",
       "       [0.23869186, 0.29416973, 0.46713841],\n",
       "       [0.21488591, 0.23031203, 0.55480206],\n",
       "       [0.19617274, 0.2411182 , 0.56270906],\n",
       "       [0.510498  , 0.2163941 , 0.27310791],\n",
       "       [0.16530383, 0.20583552, 0.62886065],\n",
       "       [0.26648366, 0.24326424, 0.4902521 ],\n",
       "       [0.20972378, 0.22747834, 0.56279788],\n",
       "       [0.19804009, 0.24142793, 0.56053198],\n",
       "       [0.15053702, 0.18475374, 0.66470924],\n",
       "       [0.40128335, 0.22049309, 0.37822356],\n",
       "       [0.26697428, 0.26361537, 0.46941035],\n",
       "       [0.24864889, 0.26983392, 0.48151719],\n",
       "       [0.24496105, 0.25920791, 0.49583103],\n",
       "       [0.20602741, 0.22119315, 0.57277944],\n",
       "       [0.1381834 , 0.21656589, 0.6452507 ],\n",
       "       [0.31966721, 0.274055  , 0.40627779],\n",
       "       [0.2005251 , 0.2359579 , 0.563517  ],\n",
       "       [0.56450617, 0.19664833, 0.2388455 ],\n",
       "       [0.22021649, 0.21833525, 0.56144826],\n",
       "       [0.21321454, 0.25927343, 0.52751204],\n",
       "       [0.1917386 , 0.22918089, 0.57908051],\n",
       "       [0.42980633, 0.23609326, 0.33410041],\n",
       "       [0.19492307, 0.26770627, 0.53737065],\n",
       "       [0.43004736, 0.21184722, 0.35810543],\n",
       "       [0.2103502 , 0.24703835, 0.54261145],\n",
       "       [0.22143306, 0.25371602, 0.52485092],\n",
       "       [0.5566955 , 0.19462138, 0.24868312],\n",
       "       [0.3193282 , 0.26278029, 0.41789151],\n",
       "       [0.46504872, 0.22854056, 0.30641073],\n",
       "       [0.18752169, 0.22457548, 0.58790283],\n",
       "       [0.21290532, 0.25181279, 0.53528189],\n",
       "       [0.16404531, 0.24554304, 0.59041164],\n",
       "       [0.50448297, 0.226823  , 0.26869403],\n",
       "       [0.43803658, 0.22674183, 0.33522158],\n",
       "       [0.21588317, 0.24447988, 0.53963696],\n",
       "       [0.19020665, 0.21754195, 0.59225141],\n",
       "       [0.14066672, 0.19953368, 0.6597996 ],\n",
       "       [0.106225  , 0.14806557, 0.74570943],\n",
       "       [0.20944481, 0.24882141, 0.54173378],\n",
       "       [0.38302821, 0.24380124, 0.37317055],\n",
       "       [0.2083007 , 0.24174   , 0.54995931],\n",
       "       [0.49528845, 0.22214076, 0.28257079],\n",
       "       [0.14919226, 0.18601033, 0.66479741],\n",
       "       [0.26914173, 0.27400995, 0.45684832],\n",
       "       [0.53219328, 0.20140176, 0.26640496],\n",
       "       [0.53533819, 0.18901251, 0.2756493 ],\n",
       "       [0.15069084, 0.18027522, 0.66903394],\n",
       "       [0.11873405, 0.16654651, 0.71471944],\n",
       "       [0.17112777, 0.20463853, 0.62423369],\n",
       "       [0.21794718, 0.22070395, 0.56134888],\n",
       "       [0.21114385, 0.25971311, 0.52914304],\n",
       "       [0.41257718, 0.23712745, 0.35029536],\n",
       "       [0.16787277, 0.20295692, 0.62917031],\n",
       "       [0.52855705, 0.20429762, 0.26714533],\n",
       "       [0.49544636, 0.20199365, 0.30255999],\n",
       "       [0.24850611, 0.24759797, 0.50389592],\n",
       "       [0.41123254, 0.27139819, 0.31736926],\n",
       "       [0.17369029, 0.2560438 , 0.57026591],\n",
       "       [0.58757033, 0.17749614, 0.23493354],\n",
       "       [0.21766468, 0.25373877, 0.52859655],\n",
       "       [0.1397403 , 0.21032408, 0.64993562],\n",
       "       [0.28963519, 0.25806887, 0.45229594],\n",
       "       [0.18604618, 0.23031526, 0.58363856],\n",
       "       [0.55715262, 0.20266139, 0.24018599],\n",
       "       [0.55510189, 0.19996819, 0.24492991],\n",
       "       [0.19871031, 0.22973334, 0.57155635],\n",
       "       [0.23746301, 0.257399  , 0.505138  ],\n",
       "       [0.51790216, 0.18733247, 0.29476537],\n",
       "       [0.28413501, 0.24763064, 0.46823435],\n",
       "       [0.52717515, 0.20934587, 0.26347898],\n",
       "       [0.24934633, 0.25353461, 0.49711905],\n",
       "       [0.58974487, 0.17741707, 0.23283806],\n",
       "       [0.16555174, 0.2174495 , 0.61699875],\n",
       "       [0.23187806, 0.30016472, 0.46795722],\n",
       "       [0.14639148, 0.18592958, 0.66767894],\n",
       "       [0.20347363, 0.23511573, 0.56141064],\n",
       "       [0.63128637, 0.17774173, 0.1909719 ],\n",
       "       [0.1886233 , 0.24002293, 0.57135377],\n",
       "       [0.45620953, 0.212415  , 0.33137548],\n",
       "       [0.20058335, 0.24007518, 0.55934147],\n",
       "       [0.17918411, 0.21351409, 0.6073018 ],\n",
       "       [0.22380977, 0.25727613, 0.51891409],\n",
       "       [0.13977649, 0.19952681, 0.66069671],\n",
       "       [0.42570998, 0.23244433, 0.34184569],\n",
       "       [0.19532897, 0.21787398, 0.58679705],\n",
       "       [0.46102637, 0.23355101, 0.30542262],\n",
       "       [0.18653426, 0.24243936, 0.57102638],\n",
       "       [0.5352613 , 0.20823301, 0.25650569],\n",
       "       [0.43727071, 0.22877087, 0.33395842],\n",
       "       [0.16898108, 0.22370246, 0.60731647],\n",
       "       [0.1426581 , 0.19412934, 0.66321256],\n",
       "       [0.21902936, 0.2539393 , 0.52703133],\n",
       "       [0.37758609, 0.24415641, 0.3782575 ],\n",
       "       [0.63745861, 0.18486822, 0.17767318],\n",
       "       [0.13532008, 0.19881412, 0.6658658 ],\n",
       "       [0.21025227, 0.28083493, 0.5089128 ],\n",
       "       [0.27078429, 0.25185414, 0.47736157],\n",
       "       [0.25888545, 0.24461046, 0.49650409],\n",
       "       [0.24961287, 0.25984141, 0.49054572],\n",
       "       [0.13443042, 0.19685403, 0.66871555],\n",
       "       [0.28243958, 0.26277166, 0.45478876],\n",
       "       [0.588673  , 0.18276125, 0.22856575],\n",
       "       [0.36129147, 0.24906975, 0.38963878],\n",
       "       [0.33776245, 0.24235397, 0.41988359],\n",
       "       [0.56446233, 0.18769209, 0.24784558],\n",
       "       [0.53347079, 0.20085922, 0.26566999],\n",
       "       [0.12850091, 0.18888223, 0.68261686],\n",
       "       [0.15921617, 0.20076924, 0.64001459],\n",
       "       [0.62663248, 0.15849267, 0.21487485],\n",
       "       [0.53732644, 0.20099617, 0.26167739],\n",
       "       [0.19188579, 0.23905319, 0.56906103],\n",
       "       [0.25829154, 0.24598688, 0.49572158],\n",
       "       [0.14518535, 0.18544211, 0.66937254],\n",
       "       [0.39777448, 0.23918703, 0.36303849],\n",
       "       [0.15311309, 0.21312521, 0.63376171],\n",
       "       [0.1200422 , 0.15831045, 0.72164735],\n",
       "       [0.22629282, 0.27578147, 0.49792572],\n",
       "       [0.28904081, 0.25921572, 0.45174346],\n",
       "       [0.54760762, 0.20447202, 0.24792035],\n",
       "       [0.25435401, 0.27829231, 0.46735368],\n",
       "       [0.42407964, 0.20477612, 0.37114424],\n",
       "       [0.24792774, 0.27732976, 0.4747425 ],\n",
       "       [0.18229891, 0.24626656, 0.57143453],\n",
       "       [0.33441598, 0.26528774, 0.40029629],\n",
       "       [0.42058719, 0.23237206, 0.34704076],\n",
       "       [0.19765597, 0.28373932, 0.51860471],\n",
       "       [0.42320434, 0.23481805, 0.3419776 ],\n",
       "       [0.16173998, 0.21330644, 0.62495358],\n",
       "       [0.4749285 , 0.2308899 , 0.2941816 ],\n",
       "       [0.19692179, 0.23788442, 0.56519379],\n",
       "       [0.19714643, 0.22985337, 0.57300019],\n",
       "       [0.19668095, 0.22715105, 0.576168  ],\n",
       "       [0.26166898, 0.25192491, 0.48640612],\n",
       "       [0.1406657 , 0.18276568, 0.67656862],\n",
       "       [0.19676948, 0.24908333, 0.55414719],\n",
       "       [0.18183005, 0.21119108, 0.60697887],\n",
       "       [0.22387672, 0.23819147, 0.53793181],\n",
       "       [0.12661697, 0.1895549 , 0.68382814],\n",
       "       [0.19804207, 0.23915617, 0.56280177],\n",
       "       [0.21270418, 0.24961398, 0.53768185],\n",
       "       [0.5744245 , 0.20042083, 0.22515467],\n",
       "       [0.46564196, 0.20964621, 0.32471183],\n",
       "       [0.18282626, 0.22650303, 0.59067071],\n",
       "       [0.62393239, 0.1792334 , 0.19683421],\n",
       "       [0.41619692, 0.21066329, 0.37313979],\n",
       "       [0.19463231, 0.24575573, 0.55961196],\n",
       "       [0.26260333, 0.27739923, 0.45999744],\n",
       "       [0.2451866 , 0.25322125, 0.50159216],\n",
       "       [0.14037854, 0.19313022, 0.66649124],\n",
       "       [0.16869764, 0.21612369, 0.61517867],\n",
       "       [0.19802787, 0.21911088, 0.58286125],\n",
       "       [0.25713528, 0.25942073, 0.48344399],\n",
       "       [0.22703846, 0.28190375, 0.49105779]])"
      ]
     },
     "execution_count": 16,
     "metadata": {},
     "output_type": "execute_result"
    }
   ],
   "source": [
    "forest.predict_proba(X_val)"
   ]
  },
  {
   "cell_type": "code",
   "execution_count": 1051,
   "id": "82557592",
   "metadata": {},
   "outputs": [
    {
     "data": {
      "text/plain": [
       "(0.5856410256410257, 0.5846153846153845)"
      ]
     },
     "execution_count": 1051,
     "metadata": {},
     "output_type": "execute_result"
    }
   ],
   "source": [
    "np.array(scores).mean(), np.array(bet_scores).mean()"
   ]
  },
  {
   "cell_type": "code",
   "execution_count": 1000,
   "id": "d983d629",
   "metadata": {},
   "outputs": [
    {
     "name": "stdout",
     "output_type": "stream",
     "text": [
      "forest 0.5948717948717949\n",
      "lgbm 0.5128205128205128\n",
      "random 0.2717948717948718\n",
      "most frequent 0.5128205128205128\n",
      "bet prediction 0.5846153846153846\n"
     ]
    }
   ],
   "source": [
    "print('forest', accuracy_score(forest.predict(X_val), y_val))\n",
    "print('lgbm', accuracy_score(gbm.predict(X_val.values), y_val))\n",
    "print('random', accuracy_score(np.random.randint(0, 3, size= (val.shape[0])), y_val))\n",
    "print('most frequent', accuracy_score(np.ones(val.shape[0])*2, y_val))\n",
    "print('bet prediction', accuracy_score(X_val['Bet_pred'], y_val))\n",
    "#5794"
   ]
  },
  {
   "cell_type": "code",
   "execution_count": 1053,
   "id": "0f6896dd",
   "metadata": {},
   "outputs": [
    {
     "data": {
      "text/plain": [
       "['forest.joblib']"
      ]
     },
     "execution_count": 1053,
     "metadata": {},
     "output_type": "execute_result"
    }
   ],
   "source": [
    "from joblib import dump, load\n",
    "dump(forest, 'forest.joblib')"
   ]
  },
  {
   "cell_type": "code",
   "execution_count": 159,
   "id": "d2332d5a",
   "metadata": {},
   "outputs": [],
   "source": [
    "#will be using soccer data and predict outcome\n",
    "#collect data and store it in sql database"
   ]
  },
  {
   "cell_type": "code",
   "execution_count": 161,
   "id": "88cb683c",
   "metadata": {},
   "outputs": [],
   "source": [
    "# 2016-2017 https://query.data.world/s/r5gdp7ga24tokmbwgk2fi7mekndsze\n",
    "# 2017-2018 https://query.data.world/s/r3n4zit4rb4tqs4lnabptudresgnyr\n",
    "# 2018-2019 https://query.data.world/s/2wp65h24cyeljfcp4dnvsml46dwsla\n",
    "#info about columns could be found in https://data.world/datasets/soccer"
   ]
  },
  {
   "cell_type": "code",
   "execution_count": null,
   "id": "ccf9ea1e",
   "metadata": {},
   "outputs": [],
   "source": [
    "#https://www.premierleague.com/results?team=FIRST&co=1&se=363&cl=-1\n",
    "#https://www.flashscore.ru/match/Ysr0GpAj/#match-summary/match-summary\n",
    "#https://www.football-data.co.uk/englandm.php"
   ]
  },
  {
   "cell_type": "code",
   "execution_count": 57,
   "id": "43378c00",
   "metadata": {},
   "outputs": [
    {
     "data": {
      "text/plain": [
       "array(['HomeTeam', 'AwayTeam', 'Referee', 'B365H', 'B365D', 'B365A',\n",
       "       'Bet_pred', 'FTR_5_home', 'FTR_4_home', 'FTR_3_home', 'FTR_2_home',\n",
       "       'FTR_1_home', 'FTHG_5_home', 'FTHG_4_home', 'FTHG_3_home',\n",
       "       'FTHG_2_home', 'FTHG_1_home', 'FTAG_5_home', 'FTAG_4_home',\n",
       "       'FTAG_3_home', 'FTAG_2_home', 'FTAG_1_home', 'HS_5_home',\n",
       "       'HS_4_home', 'HS_3_home', 'HS_2_home', 'HS_1_home', 'AS_5_home',\n",
       "       'AS_4_home', 'AS_3_home', 'AS_2_home', 'AS_1_home', 'HF_5_home',\n",
       "       'HF_4_home', 'HF_3_home', 'HF_2_home', 'HF_1_home', 'AF_5_home',\n",
       "       'AF_4_home', 'AF_3_home', 'AF_2_home', 'AF_1_home', 'HC_5_home',\n",
       "       'HC_4_home', 'HC_3_home', 'HC_2_home', 'HC_1_home', 'AC_5_home',\n",
       "       'AC_4_home', 'AC_3_home', 'AC_2_home', 'AC_1_home', 'HY_5_home',\n",
       "       'HY_4_home', 'HY_3_home', 'HY_2_home', 'HY_1_home', 'AY_5_home',\n",
       "       'AY_4_home', 'AY_3_home', 'AY_2_home', 'AY_1_home', 'HR_5_home',\n",
       "       'HR_4_home', 'HR_3_home', 'HR_2_home', 'HR_1_home', 'AR_5_home',\n",
       "       'AR_4_home', 'AR_3_home', 'AR_2_home', 'AR_1_home', 'FTR_5_away',\n",
       "       'FTR_4_away', 'FTR_3_away', 'FTR_2_away', 'FTR_1_away',\n",
       "       'FTHG_5_away', 'FTHG_4_away', 'FTHG_3_away', 'FTHG_2_away',\n",
       "       'FTHG_1_away', 'FTAG_5_away', 'FTAG_4_away', 'FTAG_3_away',\n",
       "       'FTAG_2_away', 'FTAG_1_away', 'HS_5_away', 'HS_4_away',\n",
       "       'HS_3_away', 'HS_2_away', 'HS_1_away', 'AS_5_away', 'AS_4_away',\n",
       "       'AS_3_away', 'AS_2_away', 'AS_1_away', 'HF_5_away', 'HF_4_away',\n",
       "       'HF_3_away', 'HF_2_away', 'HF_1_away', 'AF_5_away', 'AF_4_away',\n",
       "       'AF_3_away', 'AF_2_away', 'AF_1_away', 'HC_5_away', 'HC_4_away',\n",
       "       'HC_3_away', 'HC_2_away', 'HC_1_away', 'AC_5_away', 'AC_4_away',\n",
       "       'AC_3_away', 'AC_2_away', 'AC_1_away', 'HY_5_away', 'HY_4_away',\n",
       "       'HY_3_away', 'HY_2_away', 'HY_1_away', 'AY_5_away', 'AY_4_away',\n",
       "       'AY_3_away', 'AY_2_away', 'AY_1_away', 'HR_5_away', 'HR_4_away',\n",
       "       'HR_3_away', 'HR_2_away', 'HR_1_away', 'AR_5_away', 'AR_4_away',\n",
       "       'AR_3_away', 'AR_2_away', 'AR_1_away'], dtype=object)"
      ]
     },
     "execution_count": 57,
     "metadata": {},
     "output_type": "execute_result"
    }
   ],
   "source": [
    "forest.feature_names_in_"
   ]
  },
  {
   "cell_type": "code",
   "execution_count": 59,
   "id": "8c2c318b",
   "metadata": {},
   "outputs": [
    {
     "data": {
      "text/plain": [
       "[9, 10, 11, 12, 13, 14]"
      ]
     },
     "execution_count": 59,
     "metadata": {},
     "output_type": "execute_result"
    }
   ],
   "source": [
    "list(range(9, 15))"
   ]
  },
  {
   "cell_type": "code",
   "execution_count": null,
   "id": "09e30732",
   "metadata": {},
   "outputs": [],
   "source": []
  }
 ],
 "metadata": {
  "kernelspec": {
   "display_name": "Python 3 (ipykernel)",
   "language": "python",
   "name": "python3"
  },
  "language_info": {
   "codemirror_mode": {
    "name": "ipython",
    "version": 3
   },
   "file_extension": ".py",
   "mimetype": "text/x-python",
   "name": "python",
   "nbconvert_exporter": "python",
   "pygments_lexer": "ipython3",
   "version": "3.9.7"
  }
 },
 "nbformat": 4,
 "nbformat_minor": 5
}
